4042402350
2587504000
4042400100
4042434650
4042377930
4042361510
4042339310
4025451400
4042556280
4042375090
4042361140
4042619600
2588986610
4042717460
2588951990
4042797500
2588600401
4042717053
4042742800
2589014910
4042683600
4042707100
4042705920
4025464800
4025464830
2587389310
4042680290
4042525630
4042416440
4042952330
4043004240
4043035750
4043090700
4043079620
4043043180
4043074180
4042779230
4042918830
4042588440
4025066570
4042764670
2588812640
4042883980
4026397760
4025470080
4025078620
4042896790
4025067820
4026397770
4026400150
2591359990
4043484730
4043484670
4043429500
4043413960
4043379200
4043367300
3021965630
4030421930
2590581590
4025472680
4042985910
2589643020
4025467220
4043078660
2590040030
4042988860
2590090760
4030423510
2590112460
4025475090
2590904600
4043249140
4030415420
2591020360
4025474210
4043261510
4043418080
4025476330
4025483500
4043526230
4025483370
4043568960
4043526690
2591535880
4043466970
4042304420
4042307850
4042315750
4042304260
2587242420
4042324590
4042303971
4042307230
4042307710
4042173660
4042321390
4042320300
2586977180
4025453440
2588041291
4042430150
4042564680
4042564960
2588673630
2588602510
4042686450
4042660600
2588604800
4042684210
4042661900
4042686080
2587389260
4026394950
4025459900
2587389280
4025459550
4029070060
4042877530
4042881320
4042877720
4042877140
4042831870
4042882180
2590602330
2590239811
4043209831
4043172640
4043001860
4030419900
4025471310
